102.90502645575907 -79.49684876808897 -0.383098
103.39710026287833 -79.40913000654122 -0.3960898135643993
103.88917406999758 -79.32141124499347 -0.40908162712879864
104.38124787711683 -79.23369248344572 -0.42207344069319797
104.87332168423609 -79.14597372189797 -0.4350652542575973
105.36539549135534 -79.05825496035023 -0.4480570678219966
105.8574692984746 -78.97053619880248 -0.46104888138639594
106.34954310559385 -78.88281743725473 -0.47404069495079526
106.8416169127131 -78.79509867570698 -0.4870325085151946
107.33369071983236 -78.70737991415923 -0.5000243220795939
107.82757034159243 -78.63051415388563 -0.5132369716130095
108.3214499633525 -78.55364839361202 -0.5264496211464251
108.81532958511258 -78.47678263333842 -0.5396622706798407
109.30920920687265 -78.39991687306481 -0.5528749202132563
109.80308882863272 -78.3230511127912 -0.566087569746672
110.2969684503928 -78.2461853525176 -0.5793002192800876
110.79084807215287 -78.169319592244 -0.5925128688135032
111.28472769391294 -78.09245383197039 -0.6057255183469188
111.77860731567301 -78.01558807169678 -0.6189381678803344
112.27508317052884 -77.95661602653904 -0.6247711289704289
112.77155902538468 -77.8976439813813 -0.6306040900605233
113.2680348802405 -77.83867193622355 -0.6364370511506178
113.76451073509634 -77.7796998910658 -0.6422700122407122
114.26098658995217 -77.72072784590806 -0.6481029733308067
114.757462444808 -77.66175580075031 -0.6539359344209011
115.25393829966383 -77.60278375559257 -0.6597688955109956
115.75041415451966 -77.54381171043482 -0.6656018566010901
116.24689000937549 -77.48483966527708 -0.6714348176911845
116.74336586423132 -77.42586762011933 -0.677267778781279
117.23984171908715 -77.36689557496159 -0.6831007398713734
117.73631757394298 -77.30792352980384 -0.6889337009614679
118.23279342879881 -77.2489514846461 -0.6947666620515623
118.72926928365465 -77.18997943948835 -0.7005996231416568
119.22574513851048 -77.13100739433061 -0.7064325842317513
119.7222209933663 -77.07203534917286 -0.7122655453218457
120.21869684822214 -77.01306330401512 -0.7180985064119402
120.71517270307797 -76.95409125885737 -0.7239314675020346
121.2116485579338 -76.89511921369963 -0.7297644285921291
121.70812441278963 -76.83614716854188 -0.7355973896822235
121.84791486058384 -76.81954267807305 -0.855287
121.84791486058384 -76.81954267807305 -0.855287
122.34726041235191 -76.79471588218713 -0.8614229706225262
122.84660596411999 -76.76988908630122 -0.8675589412450523
123.34595151588806 -76.7450622904153 -0.8736949118675784
123.84529706765613 -76.72023549452939 -0.8798308824901045
124.3446426194242 -76.69540869864348 -0.8859668531126307
124.84398817119228 -76.67058190275756 -0.8921028237351568
125.34333372296035 -76.64575510687165 -0.898238794357683
125.84267927472843 -76.62092831098573 -0.9043747649802091
126.3420248264965 -76.59610151509982 -0.9105107356027352
126.84137037826457 -76.5712747192139 -0.9166467062252613
127.34099917886762 -76.58972415125443 -0.9221856650927988
127.84062797947067 -76.60817358329496 -0.9277246239603362
128.34025678007373 -76.62662301533548 -0.9332635828278736
128.8398855806768 -76.64507244737601 -0.938802541695411
129.33951438127986 -76.66352187941654 -0.9443415005629484
129.83914318188292 -76.68197131145706 -0.9498804594304858
130.33877198248598 -76.70042074349759 -0.9554194182980232
130.83840078308904 -76.71887017553811 -0.9609583771655607
131.3380295836921 -76.73731960757864 -0.9664973360330981
131.83765838429517 -76.75576903961917 -0.9720362949006355
132.33728718489823 -76.7742184716597 -0.9775752537681729
132.8369159855013 -76.79266790370022 -0.9831142126357103
133.3364849716875 -76.80586338192958 -0.9991363034847912
133.8360539578737 -76.81905886015895 -1.0151583943338722
134.3356229440599 -76.83225433838831 -1.0311804851829531
134.8351919302461 -76.84544981661767 -1.047202576032034
134.9421681810054 -76.84827545797452 -1.115749
134.9421681810054 -76.84827545797452 -1.115749
135.44215725690677 -76.8486319865168 -1.1190348585942924
135.94214633280814 -76.84898851505909 -1.1223207171885847
136.4421354087095 -76.84934504360137 -1.125606575782877
136.94212448461087 -76.84970157214366 -1.1288924343771694
137.44211356051224 -76.85005810068594 -1.1321782929714617
137.9421026364136 -76.85041462922823 -1.135464151565754
138.44209171231498 -76.85077115777051 -1.1387500101600463
138.94208078821634 -76.8511276863128 -1.1420358687543386
139.4420698641177 -76.85148421485508 -1.145321727348631
139.94205894001908 -76.85184074339736 -1.1486075859429232
140.44204801592045 -76.85219727193964 -1.1518934445372155
140.94203709182182 -76.85255380048193 -1.1551793031315079
141.44202616772318 -76.85291032902421 -1.1584651617258002
141.94201524362455 -76.8532668575665 -1.1617510203200925
142.44200431952592 -76.85362338610878 -1.1650368789143848
142.9419933954273 -76.85397991465106 -1.168322737508677
143.44198247132866 -76.85433644319335 -1.1716085961029694
143.94197154723003 -76.85469297173563 -1.1748944546972617
144.44194230285018 -76.85314295380097 -1.1800752817573978
144.94191305847033 -76.85159293586631 -1.185256108817534
145.4418838140905 -76.85004291793165 -1.19043693587767
145.94185456971064 -76.84849289999698 -1.1956177629378062
146.4418253253308 -76.84694288206232 -1.2007985899979423
146.94179608095095 -76.84539286412766 -1.2059794170580784
147.4417668365711 -76.843842846193 -1.2111602441182145
147.94173759219126 -76.84229282825834 -1.2163410711783507
148.4417083478114 -76.84074281032368 -1.2215218982384868
148.94167910343157 -76.83919279238901 -1.226702725298623
149.44164985905172 -76.83764277445435 -1.231883552358759
149.94162061467188 -76.83609275651969 -1.2370643794188951
150.44158870088253 -76.83666347668584 -1.2426846151208348
150.9415567870932 -76.837234196852 -1.2483048508227745
151.44152487330385 -76.83780491701815 -1.2539250865247142
151.9414929595145 -76.8383756371843 -1.259545322226654
152.44146104572516 -76.83894635735045 -1.2651655579285936
152.94142913193582 -76.8395170775166 -1.2707857936305333
153.44139721814648 -76.84008779768276 -1.276406029332473
153.94136530435713 -76.84065851784891 -1.2820262650344127
154.4413333905678 -76.84122923801506 -1.2876465007363525
154.94130147677845 -76.84179995818121 -1.2932667364382922
155.4412695629891 -76.84237067834736 -1.2988869721402319
155.94123594755195 -76.84288828027323 -1.3046616059294665
156.44120233211478 -76.8434058821991 -1.310436239718701
156.94116871667762 -76.84392348412496 -1.3162108735079356
157.44113510124046 -76.84444108605082 -1.3219855072971702
157.9411014858033 -76.84495868797669 -1.3277601410864048
158.44106787036614 -76.84547628990255 -1.3335347748756394
158.94103425492898 -76.84599389182841 -1.339309408664874
159.44100063949182 -76.84651149375428 -1.3450840424541086
159.94096702405466 -76.84702909568014 -1.3508586762433432
160.4409334086175 -76.847546697606 -1.3566333100325778
160.94089979318034 -76.84806429953187 -1.3624079438218124
161.44070137503263 -76.85972668959313 -1.3703052494383232
161.94050295688493 -76.87138907965439 -1.378202555054834
162.44030453873722 -76.88305146971565 -1.3860998606713448
162.94010612058952 -76.89471385977691 -1.3939971662878556
163.43990770244181 -76.90637624983817 -1.4018944719043664
163.9397092842941 -76.91803863989944 -1.4097917775208773
164.4395108661464 -76.9297010299607 -1.417689083137388
164.9393124479987 -76.94136342002196 -1.4255863887538989
165.4392358008346 -76.94571203396356 -1.433184470492082
165.93915915367052 -76.95006064790516 -1.440782552230265
166.43908250650642 -76.95440926184676 -1.4483806339684482
166.93900585934233 -76.95875787578836 -1.4559787157066313
167.43892921217824 -76.96310648972997 -1.4635767974448144
167.93885256501414 -76.96745510367157 -1.4711748791829975
168.43877591785005 -76.97180371761317 -1.4787729609211806
168.93869927068596 -76.97615233155477 -1.4863710426593637
169.16945241997018 -76.97815955197439 -1.552233
169.16945241997018 -76.97815955197439 -1.552233
169.66851209913278 -77.00876719599937 -1.5538481660473737
170.16757177829538 -77.03937484002435 -1.5554633320947475
170.66663145745798 -77.06998248404933 -1.5570784981421213
171.16569113662058 -77.10059012807432 -1.558693664189495
171.66475081578318 -77.1311977720993 -1.5603088302368688
172.16381049494578 -77.16180541612428 -1.5619239962842426
172.61413099945315 -77.37906886257646 -1.5647591428301464
173.06445150396053 -77.59633230902864 -1.5675942893760502
173.5147720084679 -77.81359575548082 -1.570429435921954
173.90511026575393 -78.12604763465583 -1.5735707889614192
174.29544852303997 -78.43849951383085 -1.5767121420008845
174.685786780326 -78.75095139300586 -1.5798534950403498
175.0058280698364 -79.13508297993293 -1.5839151367534414
175.32586935934683 -79.51921456686 -1.587976778466533
175.60753298973273 -79.93226670616278 -1.5952931665940124
175.82610341920375 -80.38187403313877 -1.6042496664886055
175.99571071094581 -80.8521968257592 -1.6097120221745223
176.16531800268788 -81.32251961837962 -1.615174377860439
176.28142304145058 -81.8088348293043 -1.619313894400776
176.39752808021328 -82.29515004022899 -1.6234534109411132
176.51363311897597 -82.78146525115368 -1.6275929274814502
176.58768179570325 -83.09162403689697 -1.639983
184.1963170369272 -77.02501640701666 -1.668032
184.69629514298353 -77.02964248627454 -1.6687340363443002
185.19627324903985 -77.03426856553241 -1.6694360726886004
185.69625135509617 -77.03889464479029 -1.6701381090329006
186.19622946115248 -77.04352072404816 -1.6708401453772008
186.6962075672088 -77.04814680330604 -1.671542181721501
187.19618567326512 -77.05277288256391 -1.6722442180658013
187.69616377932144 -77.05739896182179 -1.6729462544101015
188.19614188537776 -77.06202504107966 -1.6736482907544017
188.69611999143407 -77.06665112033754 -1.674350327098702
189.1960980974904 -77.07127719959541 -1.6750523634430021
189.6960762035467 -77.07590327885329 -1.6757543997873023
190.19605430960303 -77.08052935811116 -1.6764564361316026
190.69603241565935 -77.08515543736904 -1.6771584724759028
191.19601052171566 -77.08978151662691 -1.677860508820203
191.69598862777198 -77.09440759588479 -1.6785625451645032
192.1959667338283 -77.09903367514266 -1.6792645815088034
192.69594483988462 -77.10365975440054 -1.6799666178531036
193.19592294594094 -77.10828583365841 -1.6806686541974039
193.69590105199725 -77.11291191291629 -1.681370690541704
194.19587915805357 -77.11753799217416 -1.6820727268860043
194.6958572641099 -77.12216407143204 -1.6827747632303045
195.1958353701662 -77.12679015068991 -1.6834767995746047
195.69581347622253 -77.13141622994779 -1.684178835918905
196.19579158227884 -77.13604230920566 -1.6848808722632052
196.69576968833516 -77.14066838846354 -1.6855829086075054
197.19574779439148 -77.14529446772141 -1.6862849449518056
197.6957259004478 -77.14992054697929 -1.6869869812961058
198.19570400650412 -77.15454662623716 -1.687689017640406
198.69568211256043 -77.15917270549504 -1.6883910539847062
199.19566021861675 -77.16379878475291 -1.6890930903290065
199.6956428460602 -77.16766140992128 -1.690659098489558
200.19562547350364 -77.17152403508965 -1.6922251066501095
200.69560810094708 -77.17538666025801 -1.693791114810661
201.19559072839053 -77.17924928542638 -1.6953571229712125
201.69557335583397 -77.18311191059475 -1.696923131131764
202.19555598327742 -77.18697453576311 -1.6984891392923156
202.69553861072086 -77.19083716093148 -1.7000551474528671
203.1955212381643 -77.19469978609985 -1.7016211556134186
203.69550386560775 -77.19856241126821 -1.7031871637739702
204.1954864930512 -77.20242503643658 -1.7047531719345217
204.69546912049464 -77.20628766160495 -1.7063191800950732
205.19545174793808 -77.21015028677331 -1.7078851882556247
205.69543437538152 -77.21401291194168 -1.7094511964161763
206.1952752203676 -77.22661002991353 -1.710116254616803
206.69511606535366 -77.23920714788538 -1.7107813128174296
207.19495691033973 -77.25180426585723 -1.7114463710180563
207.6947977553258 -77.26440138382908 -1.712111429218683
208.19463860031186 -77.27699850180093 -1.7127764874193097
208.69447944529793 -77.28959561977278 -1.7134415456199363
209.194320290284 -77.30219273774463 -1.714106603820563
209.69416113527006 -77.31478985571648 -1.7147716620211897
210.19400198025613 -77.32738697368833 -1.7154367202218164
210.6938428252422 -77.33998409166018 -1.716101778422443
211.19368367022827 -77.35258120963204 -1.7167668366230697
211.69352451521434 -77.36517832760389 -1.7174318948236964
212.1933653602004 -77.37777544557574 -1.718096953024323
212.69320620518647 -77.39037256354759 -1.7187620112249498
213.19304705017254 -77.40296968151944 -1.7194270694255764
213.6928878951586 -77.41556679949129 -1.7200921276262031
214.19272874014467 -77.42816391746314 -1.7207571858268298
214.69256958513074 -77.44076103543499 -1.7214222440274565
215.1924104301168 -77.45335815340684 -1.7220873022280831
215.69225127510288 -77.46595527137869 -1.7227523604287098
216.19209212008894 -77.47855238935054 -1.7234174186293365
216.691932965075 -77.49114950732239 -1.7240824768299632
217.19177381006108 -77.50374662529424 -1.7247475350305899
217.69161465504715 -77.51634374326609 -1.7254125932312165
218.19145550003321 -77.52894086123794 -1.7260776514318432
218.69129634501928 -77.54153797920979 -1.72674270963247
219.19113719000535 -77.55413509718164 -1.7274077678330966
219.69097803499142 -77.5667322151535 -1.7280728260337233
220.19081887997748 -77.57932933312534 -1.72873788423435
220.69065972496355 -77.5919264510972 -1.7294029424349766
221.19050056994962 -77.60452356906904 -1.7300680006356033
221.6903414149357 -77.6171206870409 -1.73073305883623
222.19018225992176 -77.62971780501275 -1.7313981170368566
222.69002310490782 -77.6423149229846 -1.7320631752374833
222.9025870100595 -77.64767201337963 -1.753784